https://res.cloudinary.com/di65pb1aa/video/upload/v1710869414/am94srilifcqyy45vbxn.mp4
https://res.cloudinary.com/di65pb1aa/video/upload/v1710869438/xa7mapijk0dpgfoz2zsy.mp4
https://res.cloudinary.com/di65pb1aa/video/upload/v1710869456/ajivky9yg6kfomavs1dw.mp4
